1	-7.5	-5	0	1
2	-6.5	-5	0	1	
3	-5.5	-5	0	1		
4	-4.5	-5	0	1		
5	-3.5	-5	0	1	
6	-2.5	-5	0	1		
7	-1.5	-5	0	1		
8	-0.5	-5	0	1		
9	0.5	-5	0	1		
10	1.5	-5	0	1		
11	2.5	-5	0	1		
12	3.5	-5	0	1		
13	4.5	-5	0	1		
14	5.5	-5	0	1		
15	6.5	-5	0	1		
16	7.5	-5	0	1		
17	-7.5	0	0	1		
18	-6.5	0	0	1		
19	-5.5	0	0	1		
20	-4.5	0	0	1		
21	-3.5	0	0	1		
22	-2.5	0	0	1		
23	-1.5	0	0	1		
24	-0.5	0	0	1		
25	0.5	0	0	1		
26	1.5	0	0	1		
27	2.5	0	0	1		
28	3.5	0	0	1		
29	4.5	0	0	1		
30	5.5	0	0	1		
31	6.5	0	0	1		
32	7.5	0	0	1		
33	-7.5	5	0	1		
34	-6.5	5	0	1		
35	-5.5	5	0	1		
36	-4.5	5	0	1		
37	-3.5	5	0	1		
38	-2.5	5	0	1		
39	-1.5	5	0	1		
40	-0.5	5	0	1		
41	0.5	5	0	1		
42	1.5	5	0	1		
43	2.5	5	0	1		
44	3.5	5	0	1		
45	4.5	5	0	1		
46	5.5	5	0	1		
47	6.5	5	0	1		
48	7.5	5	0	1
