   1     1.170     0.115   -23.000     0.150
    2     1.170     0.115   -22.750     0.150
    3     1.165     0.112   -22.500     0.150
    4     1.162     0.110   -22.250     0.150
    5     1.158     0.107   -22.000     0.150
    6     1.155     0.105   -21.750     0.150
    7     1.151     0.102   -21.500     0.150
    8     1.148     0.099   -21.250     0.150
    9     1.145     0.096   -21.000     0.150
   10     1.143     0.093   -20.750     0.150
   11     1.140     0.089   -20.500     0.150
   12     1.139     0.086   -20.250     0.150
   13     1.137     0.082   -20.000     0.150
   14     1.136     0.080   -19.750     0.150
   15     1.135     0.075   -19.500     0.150
   16     1.135     0.073   -19.250     0.150
   17     1.135     0.069   -19.000     0.150
   18     1.135     0.066   -18.750     0.150
   19     1.136     0.062   -18.500     0.150
   20     1.137     0.059   -18.250     0.150
   21     1.139     0.055   -18.000     0.150
   22     1.139     0.053   -17.750     0.150
   23     1.142     0.049   -17.500     0.150
   24     1.143     0.047   -17.250     0.150
   25     1.146     0.044   -17.000     0.150
   26     1.148     0.041   -16.750     0.150
   27     1.151     0.038   -16.500     0.150
   28     1.153     0.036   -16.250     0.150
   29     1.156     0.033   -16.000     0.150
   30     1.158     0.031   -15.750     0.150
   31     1.162     0.028   -15.500     0.150
   32     1.164     0.025   -15.250     0.150
   33     1.167     0.022   -15.000     0.150
   34     1.169     0.019   -14.750     0.150
   35     1.171     0.014   -14.500     0.150
   36     1.173     0.012   -14.250     0.150
   37     1.176     0.008   -14.000     0.150
   38     1.178     0.006   -13.750     0.150
   39     1.182     0.004   -13.500     0.150
   40     1.184     0.003   -13.250     0.150
   41     1.188     0.001   -13.000     0.150
   42     1.190    -0.001   -12.750     0.150
   43     1.193    -0.004   -12.500     0.150
   44     1.195    -0.006   -12.250     0.150
   45     1.198    -0.008   -12.000     0.150
   46     1.200    -0.009   -11.750     0.150
   47     1.204    -0.011   -11.500     0.150
   48     1.206    -0.012   -11.250     0.150
   49     1.210    -0.013   -11.000     0.150
   50     1.213    -0.013   -10.750     0.150
   51     1.216    -0.012   -10.500     0.150
   52     1.219    -0.011   -10.250     0.150
   53     1.223    -0.010   -10.000     0.150
   54     1.225    -0.008    -9.750     0.150
   55     1.229    -0.006    -9.500     0.150
   56     1.230    -0.004    -9.250     0.150
   57     1.233    -0.001    -9.000     0.150
   58     1.234     0.002    -8.750     0.150
   59     1.235     0.006    -8.500     0.150
   60     1.236     0.008    -8.250     0.150
   61     1.236     0.012    -8.000     0.150
   62     1.235     0.015    -7.750     0.150
   63     1.233     0.019    -7.500     0.150
   64     1.232     0.021    -7.250     0.150
   65     1.229     0.024    -7.000     0.150
   66     1.226     0.025    -6.750     0.150
   67     1.222     0.027    -6.500     0.150
   68     1.219     0.027    -6.250     0.150
   69     1.215     0.028    -6.000     0.150
   70     1.212     0.028    -5.750     0.150
   71     1.208     0.027    -5.500     0.150
   72     1.206     0.026    -5.250     0.150
   73     1.202     0.024    -5.000     0.150
   74     1.200     0.022    -4.750     0.150
   75     1.198     0.018    -4.500     0.150
   76     1.198     0.015    -4.250     0.150
   77     1.197     0.011    -4.000     0.150
   78     0.153     1.398   -23.000     0.150
   79     0.153     1.398   -22.750     0.150
   80     0.153     1.398   -22.500     0.150
   81     0.153     1.398   -22.250     0.150
   82     0.153     1.398   -22.000     0.150
   83     0.153     1.398   -21.750     0.150
   84     0.153     1.398   -21.500     0.150
   85     0.149     1.393   -21.250     0.150
   86     0.142     1.387   -21.000     0.150
   87     0.138     1.382   -20.750     0.150
   88     0.132     1.375   -20.500     0.150
   89     0.127     1.370   -20.250     0.150
   90     0.121     1.363   -20.000     0.150
   91     0.117     1.358   -19.750     0.150
   92     0.110     1.350   -19.500     0.150
   93     0.107     1.346   -19.250     0.150
   94     0.101     1.339   -19.000     0.150
   95     0.097     1.335   -18.750     0.150
   96     0.092     1.327   -18.500     0.150
   97     0.088     1.321   -18.250     0.150
   98     0.082     1.313   -18.000     0.150
   99     0.079     1.308   -17.750     0.150
  100     0.074     1.300   -17.500     0.150
  101     0.071     1.296   -17.250     0.150
  102     0.067     1.290   -17.000     0.150
  103     0.064     1.287   -16.750     0.150
  104     0.061     1.281   -16.500     0.150
  105     0.059     1.276   -16.250     0.150
  106     0.055     1.269   -16.000     0.150
  107     0.054     1.265   -15.750     0.150
  108     0.051     1.258   -15.500     0.150
  109     0.049     1.254   -15.250     0.150
  110     0.046     1.246   -15.000     0.150
  111     0.044     1.241   -14.750     0.150
  112     0.040     1.233   -14.500     0.150
  113     0.039     1.228   -14.250     0.150
  114     0.036     1.221   -14.000     0.150
  115     0.035     1.216   -13.750     0.150
  116     0.034     1.209   -13.500     0.150
  117     0.034     1.205   -13.250     0.150
  118     0.033     1.200   -13.000     0.150
  119     0.032     1.197   -12.750     0.150
  120     0.031     1.192   -12.500     0.150
  121     0.028     1.190   -12.250     0.150
  122     0.024     1.192   -12.000     0.150
  123     0.022     1.194   -11.750     0.150
  124     0.019     1.196   -11.500     0.150
  125     0.017     1.197   -11.250     0.150
  126     0.013     1.198   -11.000     0.150
  127     0.011     1.199   -10.750     0.150
  128     0.008     1.199   -10.500     0.150
  129     0.006     1.198   -10.250     0.150
  130     0.004     1.196   -10.000     0.150
  131     0.004     1.194    -9.750     0.150
  132     0.006     1.192    -9.500     0.150
  133     0.008     1.192    -9.250     0.150
  134     0.011     1.192    -9.000     0.150
  135     0.013     1.192    -8.750     0.150
  136     0.016     1.193    -8.500     0.150
  137     0.018     1.195    -8.250     0.150
  138     0.020     1.197    -8.000     0.150
  139     0.022     1.199    -7.750     0.150
  140     0.022     1.202    -7.500     0.150
  141     0.022     1.205    -7.250     0.150
  142     0.021     1.209    -7.000     0.150
  143     0.019     1.211    -6.750     0.150
  144     0.017     1.214    -6.500     0.150
  145     0.015     1.215    -6.250     0.150
  146     0.011     1.218    -6.000     0.150
  147     0.009     1.219    -5.750     0.150
  148     0.005     1.220    -5.500     0.150
  149     0.002     1.220    -5.250     0.150
  150    -0.001     1.220    -5.000     0.150
  151    -0.004     1.220    -4.750     0.150
  152    -0.007     1.218    -4.500     0.150
  153    -0.008     1.215    -4.250     0.150
  154    -0.010     1.212    -4.000     0.150
  155    -0.012     1.210    -3.750     0.150
  156    -0.013     1.206    -3.500     0.150
  157    -0.013     1.203    -3.250     0.150
  158    -0.012     1.200    -3.000     0.150
  159    -0.011     1.197    -2.750     0.150
  160    -0.008     1.195    -2.500     0.150
  161    -0.006     1.193    -2.250     0.150
  162    -0.002     1.191    -2.000     0.150
  163     0.000     1.190    -1.750     0.150
  164     0.000     1.190    -1.500     0.150
  165    -1.340     0.193   -23.000     0.150
  166    -1.340     0.193   -22.750     0.150
  167    -1.339     0.192   -22.500     0.150
  168    -1.335     0.186   -22.250     0.150
  169    -1.332     0.182   -22.000     0.150
  170    -1.328     0.177   -21.750     0.150
  171    -1.325     0.173   -21.500     0.150
  172    -1.321     0.166   -21.250     0.150
  173    -1.317     0.161   -21.000     0.150
  174    -1.312     0.153   -20.750     0.150
  175    -1.309     0.149   -20.500     0.150
  176    -1.304     0.144   -20.250     0.150
  177    -1.301     0.141   -20.000     0.150
  178    -1.296     0.135   -19.750     0.150
  179    -1.293     0.130   -19.500     0.150
  180    -1.287     0.122   -19.250     0.150
  181    -1.283     0.117   -19.000     0.150
  182    -1.278     0.111   -18.750     0.150
  183    -1.275     0.107   -18.500     0.150
  184    -1.270     0.103   -18.250     0.150
  185    -1.266     0.100   -18.000     0.150
  186    -1.261     0.095   -17.750     0.150
  187    -1.257     0.091   -17.500     0.150
  188    -1.251     0.086   -17.250     0.150
  189    -1.247     0.083   -17.000     0.150
  190    -1.242     0.081   -16.750     0.150
  191    -1.239     0.080   -16.500     0.150
  192    -1.233     0.078   -16.250     0.150
  193    -1.229     0.076   -16.000     0.150
  194    -1.224     0.074   -15.750     0.150
  195    -1.220     0.072   -15.500     0.150
  196    -1.215     0.070   -15.250     0.150
  197    -1.211     0.068   -15.000     0.150
  198    -1.205     0.066   -14.750     0.150
  199    -1.202     0.064   -14.500     0.150
  200    -1.196     0.063   -14.250     0.150
  201    -1.192     0.062   -14.000     0.150
  202    -1.186     0.060   -13.750     0.150
  203    -1.182     0.060   -13.500     0.150
  204    -1.177     0.060   -13.250     0.150
  205    -1.173     0.060   -13.000     0.150
  206    -1.169     0.061   -12.750     0.150
  207    -1.167     0.063   -12.500     0.150
  208    -1.164     0.066   -12.250     0.150
  209    -1.162     0.068   -12.000     0.150
  210    -1.160     0.071   -11.750     0.150
  211    -1.160     0.073   -11.500     0.150
  212    -1.160     0.076   -11.250     0.150
  213    -1.159     0.078   -11.000     0.150
  214    -1.159     0.080   -10.750     0.150
  215    -1.159     0.082   -10.500     0.150
  216    -1.159     0.083   -10.250     0.150
  217    -1.160     0.084   -10.000     0.150
  218    -1.160     0.085    -9.750     0.150
  219    -1.160     0.086    -9.500     0.150
  220    -1.160     0.087    -9.250     0.150
  221    -1.160     0.088    -9.000     0.150
  222    -1.161     0.088    -8.750     0.150
  223    -1.162     0.088    -8.500     0.150
  224    -1.163     0.089    -8.250     0.150
  225    -1.164     0.089    -8.000     0.150
  226    -1.166     0.089    -7.750     0.150
  227    -1.167     0.088    -7.500     0.150
  228    -1.169     0.087    -7.250     0.150
  229    -1.171     0.087    -7.000     0.150
  230    -1.173     0.085    -6.750     0.150
  231    -1.174     0.083    -6.500     0.150
  232    -1.177     0.082    -6.250     0.150
  233    -1.179     0.082    -6.000     0.150
  234    -1.183     0.082    -5.750     0.150
  235    -1.186     0.082    -5.500     0.150
  236    -1.190     0.081    -5.250     0.150
  237    -1.192     0.081    -5.000     0.150
  238    -1.196     0.081    -4.750     0.150
  239    -1.199     0.080    -4.500     0.150
  240    -1.203     0.079    -4.250     0.150
  241    -1.206     0.078    -4.000     0.150
  242    -1.210     0.077    -3.750     0.150
  243    -1.213     0.077    -3.500     0.150
  244    -1.217     0.075    -3.250     0.150
  245    -1.220     0.074    -3.000     0.150
  246    -1.223     0.071    -2.750     0.150
  247    -1.225     0.069    -2.500     0.150
  248    -1.228     0.066    -2.250     0.150
  249    -1.230     0.064    -2.000     0.150
  250    -1.232     0.060    -1.750     0.150
  251    -1.233     0.059    -1.500     0.150
  252     0.144    -1.084   -23.000     0.150
  253     0.144    -1.084   -22.750     0.150
  254     0.142    -1.084   -22.500     0.150
  255     0.135    -1.085   -22.250     0.150
  256     0.130    -1.087   -22.000     0.150
  257     0.123    -1.091   -21.750     0.150
  258     0.119    -1.093   -21.500     0.150
  259     0.112    -1.096   -21.250     0.150
  260     0.108    -1.097   -21.000     0.150
  261     0.103    -1.099   -20.750     0.150
  262     0.099    -1.101   -20.500     0.150
  263     0.094    -1.103   -20.250     0.150
  264     0.091    -1.106   -20.000     0.150
  265     0.086    -1.109   -19.750     0.150
  266     0.083    -1.111   -19.500     0.150
  267     0.078    -1.116   -19.250     0.150
  268     0.074    -1.119   -19.000     0.150
  269     0.069    -1.124   -18.750     0.150
  270     0.066    -1.128   -18.500     0.150
  271     0.061    -1.133   -18.250     0.150
  272     0.058    -1.137   -18.000     0.150
  273     0.054    -1.142   -17.750     0.150
  274     0.052    -1.146   -17.500     0.150
  275     0.049    -1.151   -17.250     0.150
  276     0.046    -1.155   -17.000     0.150
  277     0.042    -1.161   -16.750     0.150
  278     0.040    -1.166   -16.500     0.150
  279     0.038    -1.171   -16.250     0.150
  280     0.037    -1.174   -16.000     0.150
  281     0.036    -1.180   -15.750     0.150
  282     0.035    -1.184   -15.500     0.150
  283     0.033    -1.189   -15.250     0.150
  284     0.032    -1.193   -15.000     0.150
  285     0.030    -1.198   -14.750     0.150
  286     0.030    -1.202   -14.500     0.150
  287     0.029    -1.207   -14.250     0.150
  288     0.029    -1.210   -14.000     0.150
  289     0.028    -1.215   -13.750     0.150
  290     0.027    -1.219   -13.500     0.150
  291     0.027    -1.224   -13.250     0.150
  292     0.027    -1.228   -13.000     0.150
  293     0.025    -1.233   -12.750     0.150
  294     0.025    -1.236   -12.500     0.150
  295     0.024    -1.241   -12.250     0.150
  296     0.025    -1.244   -12.000     0.150
  297     0.024    -1.248   -11.750     0.150
  298     0.024    -1.250   -11.500     0.150
  299     0.024    -1.254   -11.250     0.150
  300     0.024    -1.256   -11.000     0.150
  301     0.024    -1.259   -10.750     0.150
  302     0.025    -1.260   -10.500     0.150
  303     0.025    -1.261   -10.250     0.150
  304     0.025    -1.262   -10.000     0.150
  305     0.025    -1.262    -9.750     0.150
  306     0.024    -1.263    -9.500     0.150
  307     0.024    -1.262    -9.250     0.150
  308     0.023    -1.262    -9.000     0.150
  309     0.023    -1.262    -8.750     0.150
  310     0.022    -1.261    -8.500     0.150
  311     0.021    -1.260    -8.250     0.150
  312     0.020    -1.259    -8.000     0.150
  313     0.018    -1.258    -7.750     0.150
  314     0.017    -1.256    -7.500     0.150
  315     0.014    -1.254    -7.250     0.150
  316     0.012    -1.253    -7.000     0.150
  317     0.008    -1.250    -6.750     0.150
  318     0.005    -1.249    -6.500     0.150
  319     0.001    -1.247    -6.250     0.150
  320    -0.001    -1.246    -6.000     0.150
  321    -0.005    -1.244    -5.750     0.150
  322    -0.008    -1.243    -5.500     0.150
  323    -0.012    -1.242    -5.250     0.150
  324    -0.014    -1.242    -5.000     0.150
  325    -0.018    -1.241    -4.750     0.150
  326    -0.021    -1.242    -4.500     0.150
  327    -0.025    -1.243    -4.250     0.150
  328    -0.027    -1.245    -4.000     0.150
